1.58 0.6 0.02 2.59 0.35 4.85 0.52 0.08 1.83 2.34
0.11 0.23 1.8 0.81 0.05 0.18 0.64 0.42 0.35 0.55
0.17 0.86 2.79 0.47 0.95 1.16 0.58 0.09 0.79 0.27
9.71 1.74 0.24 2.76 1.39 0.52 5.11 0.01 0.45 1.41
0.18 0.48 1.09 0.01 1.33 1.61 4.91 0.83 1.09 3.97
3.05 2.91 0.95 0.95 0.92 0.94 0.13 0.49 0.41 0.67
0.49 0.19 0.07 2.05 0.32 1.2 1.89 1.84 0.32 1.15
0.31 0.27 0.72 2.24 0.07 0.01 1.79 1.84 0.18 1.69
0.09 0.44 0.64 0.68 0.1 3.43 2.3 1.52 0.72 2.07
0.72 0.99 0.99 2.02 0.15 4.68 0.02 1.55 0.34 0.58
2.14 0.68 0.87 0.6 0.18 0.43 0.29 0.37 0.49 0.01
1.16 0.12 1.15 1.78 0.9 1.58 0.41 0.72 0.72 0.25
2.38 1.83 0.34 1.3 1.04 1.54 0.06 0.64 0.67 0.97
0.86 2.11 1.36 0.09 0.41 0.95 0.85 0.65 1.93 1.5
0.2 2.59 0.92 1.44 0.26 0.49 2.77 0.62 0.23 0.72
0.69 0.36 0.37 1.3 0.91 0.16 0.67 3.11 1.09 3.14
0.39 0.71 2.18 0.88 7.53 0.51 0.65 1.42 1.76 1.84
0.01 0.49 2.09 0.66 0.16 1.75 0.09 0.33 1.78 0.01
0.95 3.58 3.11 0.45 1.92 1.39 1.03 0.79 0.28 4.16
2.11 0.09 0.43 0.43 1.23 0.75 5.3 0.02 0.05 1.9
0.13 0.8 1.26 0.33 2.54 0.69 3.02 2.71 0.89 0.42
0.32 0.8 0.19 1.34 0.65 3.23 0.25 1.55 0.55 0.03
0.57 0.56 2.35 1.01 1.25 0.43 0.35 0.45 1.16 0.97
0.18 0.75 0.15 1.17 2.24 0.15 1.54 0.31 2.99 0.66
0.3 2.98 3.76 0.45 0.76 0.24 1.63 0.06 5.79 1.32
1.77 0.87 0.63 0.64 2.67 0.38 0.47 0.15 1.41 0.51
0.26 0.39 0.36 7.12 0.4 0.97 0.66 1.52 0.95 2.66
0.24 8.62 0.49 3.72 0.23 1.3 0.42 0.58 0.15 0.24
1.79 0.98 1 2.02 0.22 2.44 0.69 0.2 3.18 0.02
0.31 2.89 0.16 0.72 1.79 0.35 3.74 2.62 0.16 0.45
0.15 1.56 0.02 1.15 4.22 1.05 0.1 0.06 1.07 0.29
1.34 0.07 1.29 7.5 2.33 4.54 0.01 0.34 1.09 0.26
0.09 0.58 0.4 1.84 0.62 1.35 0.67 0.39 0.05 2.99
0.73 0.12 0.35 0.54 0.01 4.66 0.4 0.86 0.85 0.24
0.13 0.01 8.35 0.35 0.15 0.57 0.03 0.15 0.08 0.35
0.61 0.03 0.36 0.8 0.03 1.84 0.23 0.1 0.11 0.56
0.43 0.25 0.1 0.26 0.19 0.09 3.03 1.89 1.39 0.02
0.75 0.38 0.22 0.75 0.53 1 0.82 2.15 0.48 0.76
0.49 0.44 3.02 0.05 1.55 0.45 3.24 0.55 0.59 1.75
0.48 2.16 2.75 0.13 0.82 1.34 1.52 1.47 0.18 0.13
0.69 0.9 1.04 2.34 0.05 0.42 0.89 3.19 4.78 0.01
0.29 1 0.09 0.14 1.83 0.04 0.13 0.31 1.42 2.14
0.38 0.27 0.32 0.6 4.67 3.52 3.28 0.21 1.51 0.04
1.35 0.8 0.52 1.07 0.72 3 2.56 0.19 0.79 0.79
0.66 2.06 5.49 2.63 1.87 0.72 1.1 9.37 2.15 2.11
0.03 0.74 1.64 1.3 0.78 0.43 1.73 1.71 1.11 2.68
0.42 3.8 1.9 2.39 1.11 2.43 0.11 0.48 1.55 4.34
2.1 0.18 2.33 0.65 0.07 0.05 0.83 0.19 1.65 3.31
1.09 2.58 0.1 1.65 0.68 0.34 0.86 1.08 2.44 0.41
0.79 0.7 1.23 1.29 2.91 0.28 2.55 0.56 0.68 0.45
0.98 0.06 0.21 0.5 0.43 0.71 0.26 0.26 0.12 1.56
0.62 0.54 9.11 1.4 2.22 1.78 2.04 0.12 0.75 0.37
0.38 1.05 0.05 0.98 0.53 1.39 1.71 0.65 0.87 1.23
1.14 0.62 0.04 0.49 0.1 0.5 0.66 1.55 0.8 1.91
4.42 0.33 0.06 0.38 2.67 1.78 3.13 1.39 1.09 0.02
1.56 0.16 3.34 0.01 2.82 0.1 3.25 0.23 0.76 0.53
0.14 0.3 0.41 2.43 0.14 0.66 0.49 3.18 0.07 0.74
0.63 2.08 0.15 0.97 0.75 0.38 1 0.52 0.45 0.84
1.23 0.04 1.51 1.8 1.51 0.19 0.05 0.74 0.56 1.31
1.36 0.75 1.05 3.3 2.33 0.98 2.84 0.09 1.36 0.09
1.46 0.44 1.1 0.5 3.27 3.12 2.78 1.56 3.08 0.16
1.29 0.33 1.64 0.22 1.87 0.18 0.73 0.81 0.22 0.6
2.31 0.23 2.03 0.23 2.14 0.84 1.32 0.13 0.11 0.21
0.8 0.28 2.82 0.48 2.42 2.15 0.17 0.09 0.03 0.53
1.16 0.33 1.1 0.03 1.27 0.09 1.94 2.2 2.24 0.67
0.74 0.88 0.26 1.5 0.97 0.02 1.64 0.91 0.06 0.33
0.9 1.87 1.33 0.63 0.54 2.24 2.04 0.58 2.64 0.73
0.65 1.32 1.5 1.63 0.56 0.33 2.25 0.34 8.8 0.27
0.33 2.26 0.39 0.69 0.61 0.93 0.31 0.71 0.21 0.35
0.13 0.72 0.15 0.89 0.79 0.91 0.1 2.8 0.59 1.49
0.24 0.61 0.95 0.06 0.16 0.38 0.59 0.83 2.52 2.94
0.89 0.38 1.73 1.96 0.06 0.07 0.59 3.06 0.49 0.4
0.89 1.67 0.3 0.23 0.09 1.21 0.86 0.99 0.19 0.47
1.16 0.36 0.31 0.11 0.33 0.34 0.4 0.8 1.01 0.43
0.28 0.34 0.45 1.67 1.07 2.4 0.5 1.56 1.45 0.92
1.51 0.39 0.21 0.06 1.16 0.25 0.47 2.09 2.82 0.31
0.06 4.13 0.14 1.82 0.53 4.46 3.08 0.92 1.46 2.98
2.91 0.57 0.06 4.44 1.3 0.78 0.19 0.04 0.78 0.16
0.22 2.44 0.06 2.58 2.14 1.89 1.79 0.32 1.91 0.09
0.86 0.01 0.59 2.16 1.8 4.51 0.53 1.1 0.07 1.46
0.48 1.85 0.21 0.19 0.16 0.3 0.56 0.24 2.13 0.1
0.41 0.16 0.01 3.76 0.48 1.01 0.56 1.61 2.14 1.29
0.04 1.31 3.64 0.89 0.47 0.42 1.37 0.02 0.2 1.81
0.25 1.2 0.34 0.04 0.79 0.19 2.69 1.03 1.69 0.73
2.01 0.01 1.37 1.98 1.15 0.85 0.28 2.6 3.38 0.66
0.76 1.5 0.47 0.98 2.16 0.63 0.92 0.03 0.08 1.26
0.98 0.62 0.23 0.83 0.71 0.71 1.15 0.68 0.81 1.35
1.78 0.25 1.39 3.33 0.25 0.28 0.36 0.09 0.31 0.74
0.06 1.3 0.45 3.22 2.99 2.16 2.02 1.34 0.12 0.4
4.74 0.28 0.06 4.24 0.73 1.11 2.04 1.08 0.28 1.89
0.63 0.82 3.55 0.68 0.14 1.79 0.62 2.26 1.11 0.16
1.85 0.69 0.99 0.71 0.78 0.27 1.82 0.27 1.12 0.45
0.97 0.53 0.24 0.12 0.34 0.87 1.51 0.39 0.79 0.69
0.04 1.18 2.25 0.45 0.09 1.09 0.27 1.14 0.23 1.75
0.12 0.19 0.71 1.07 1.34 0.49 2.28 0.93 0.27 0.02
0.35 1.12 0.72 0.93 1.5 0.8 1.32 0.38 4.38 1.58
0.83 0.58 0.58 0.43 0.5 5.7 0.29 0.15 1.91 1.03
0.17 0.51 0.08 1.15 0.04 0.22 1.21 4.38 2.55 0.11
1.03 1.27 0.7 0.64 0.37 1.58 0.93 0.82 2.14 3.14
0.62 0.32 0.23 1.13 0.98 0.74 1.01 0.8 0.03 0.63
